0.9999
0.9993009943420809
0.9983840327589473
0.9971499659284102
0.9955999467543086
0.9937354285721993
0.9915581628787729
0.9890701965899611
0.9862738688337434
0.983171807284688
0.9797669240482703
0.9760624111039913
0.9720617353172841
0.9677686330311192
0.9631871042491253
0.9583214064229061
0.9531760478570623
0.9477557807462279
0.9420655938591749
0.9361107048857576
0.9298965524631346
0.9234287878983245
0.9167132666047352
0.9097560392708233
0.902563342779527
0.8951415908975365
0.8874973647538451
0.8796374031273458
0.8715685925635098
0.8632979573403997
0.8548326493044371
0.846179937596453
0.8373471982886082
0.8283419039527763
0.8191716131809357
0.8098439600780148
0.8003666437474901
0.7907474177898314
0.7809940798336447
0.7711144611190631
0.7611164161525975
0.7510078124522667
0.7382285741049552
0.7278999775008373
0.7174863597210333
0.7069955320363981
0.6964352670806957
0.685813289556374
0.6751372671517973
0.6644148016840958
0.6536534204810803
0.6428605680149391
0.6320435977996777
0.6212097645634886
0.6103662167064495
0.5995199890531459
0.5886779959089998
0.5778470244282635
0.567033728300809
0.5562446217640121
0.5454860739451964
0.5347643035392701
0.5240853738253606
0.5134551880254298
0.5028794850070369
0.49236383533161315
0.4819136376488188
0.47153411543677887
0.46123031408722787
0.45100709833385616
0.440869150021422
0.4308209662124961
0.4208668576280241
0.41101094741723926
0.4012571702518285
0.3916092717386544
0.38207080814476196
0.37264514642785423
0.3633354645649076
0.3541447521711131
0.3450758114008781
0.33613125812220374
0.327313523355362
0.31862485496644566
0.3100673196060375
0.3016428048829575
0.29335302176278993
0.2851995071806671
0.2771836268575957
0.2693065783094508
0.261569394037638
0.2539729448903226
0.2465179435830648
0.2392049483676588
0.23203436683797088
0.22500645986159173
0.21812134562616745
0.21137900378935123
0.20477927972141746
0.19832188882970817
0.19200642095422965
0.18583234482389063
0.17979901256306557
0.17390566423838005
0.16815143243584718
0.16253534685873364
0.15705633893679846
0.15171324643782938
0.14650481807269486
0.1414297180854367
0.13648653082024584
0.13167376525749097
0.1269898595113063
0.12243318528158721
0.11800205225359257
0.1136947124387067
0.10950936445027167
0.10544415770876153
0.10149719657093208
0.09766654437794199
0.09395022741780329
0.09034623879787898
0.08685254222350337
0.08346707567915466
0.0801877550089588
0.07623466678988594
0.07318646291860585
0.07023751980547224
0.06738569669137463
0.0646288477229216
0.06196482485171442
0.05939148061947253
0.05690667082841108
0.05450825709654777
0.05219410929788143
0.049962107887640606
0.047810146113043656
0.045736132110245326
0.043737990888365455
0.04181366620170524
0.039961122311454274
0.03817834563837762
0.036463346308146447
0.034814159591138254
0.03322884723868331
0.03170549871787325
0.03024223234717521
0.028837196335211167
0.027488569725167354
0.0261945632473926
0.024953420082827894
0.023763416539982457
0.02262286264823432
0.02153010267028627
0.020483515536651307
0.019481515205075864
0.01852255094783406
0.01760510756984302
0.01672770556055752
0.01588890118260301
0.015087286500099084
0.014321489349611685
0.013590173256651777
0.012892037300611378
0.012225815930995193
0.011590278737767875
0.010984230178593665
0.010406509265697103
0.009855989215021127
0.009331577060302566
0.008832213234624955
0.008356871121945473
0.00790455658102656
0.007474307444134105
0.007065192992793131
0.00667631341281898
0.006306799230767526
0.005955810733872129
0.005622537375458164
0.005306197167748343
0.005006036063893945
0.004721327330988669
0.004451370915743433
0.004195492804422248
0.003953044378561491
0.0037234017679177215
0.0035059652020127743
0.003300158361569426
0.003105427731056573
0.002921241953489802
0.002747091188561527
0.0025824864751046845
0.0024269590988254216
0.0022800599661733528
0.0021413589851529097
0.0020104444538161332
0.001886922457116026
0.001770416272740347
0.0016605657864885133
0.0015570269176991862
0.0014594710551830722
0.001367584504064606
0.0012810679438874134
0.0011996358982918486
0.0011230162165284307
0.001050949567028652
0.0009831889432144096
0.0009194991816891767
0.0008452717463731986
0.0007899397835650771
0.0007379906072742008
0.0006892343038228354
0.0006434904792214388
0.000600587855904955
0.0005603638819335691
0.0005226643525619123
0.0004873430440601799
0.00045426135965174634
0.00042328798741458044
0.00039429856997801754
0.0003671753858321756
0.0003418070420544531
0.00031808817824605253
0.0002959191814612782
0.0002752059119033984
0.00025585943915308254
0.00023779578868875995
0.00022093569845264488
0.00020520438521157004
0.00019053132045811487
0.00017685001559474377
0.00016409781614173596
0.0001522157047085324
0.0001411481124676978
0.0001308427388709456
0.00012125037934755121
0.000112324760726937
0.000104022384129205
9.630237506987539e-05
8.912634052801964e-05
8.245823273031301e-05
7.626421940723586e-05
7.0512560281687e-05
6.517348955460129e-05
6.0219104156752234e-05
5.562325754073806e-05
5.136145879216463e-05
4.741077684422223e-05
4.3749749585179176e-05
4.035829765375675e-05

